Testing mode: 0, with params: SF: 12, BW: 200, 1 symbols per cad, total symbols: 280, amount_of_cads_to_measure: 161, WAIT_TIME: 875
00000011111111111111111111111111111111111111111111111111111111111111111111111111111111111111111111111111111111111111111111111111111111111111111111111111111100000
00000011111111111111111111111111111111111111111111111111111111111111111111111111111111111111111111111111111111111111111111111111111111111111111111111111111100000
00000011111111111111111111111111111111111111111111111111111111111111111111111111111111111111111111111111111111111111111111111111111111111111111111111111111100000
00000011111111111111111111111111111111111111111111111111111111111111111111111111111111111111111111111111111111111111111111111111111111111111111111111111111100000
00000011111111011111111111111111111111111111111111111111111111111111111111111111111111111111111111111111111111111111111111111111111111111111111111111111111100000
00000011111111011111111111111111111111111111111111111111111111111111111111111111111111111111111111111111111111111111111111111111111111111111111111111111111100000
00000011111111011111111111111111111111111111111111111111111111111111111111111111111111111111111111111111111111111111111111111111111111111111111111111111111100000
00000011111111011111111111111111111111111111111111111111111111111111111111111111111111111111111111111111111111111111111111111111111111111111111111111111111100000
00000011111111011111111111111111111111111111111111111111111111111111111111111111111111111111111111111111111111111111111111111111111111111111111111111111111100000
00000011111111111111111111111111111111111111111111111111111111111111111111111111111111111111111111111111111111111111111111111111111111111111111111111111111100000
00000011111111111111111111111111111111111111111111111111111111111111111111111111111111111111111111111111111111111111111111111111111111111111111111111111111100000
00000011111111111111111111111111111111111111111111111111111111111111111111111111111111111111111111111111111111111111111111111111111111111111111111111111111100000
00000011111111011111111111111111111111111111111111111111111111111111111111111111111111111111111111111111111111111111111111111111111111111111111111111111111100000
00000011111111011111111111111111111111111111111111111111111111111111111111111111111111111111111111111111111111111111111111111111111111111111111111111111111100000
00000011111111011111111111111111111111111111111111111111111111111111111111111111111111111111111111111111111111111111111111111111111111111111111111111111111100000
00000011111111011111111111111111111111111111111111111111111111111111111111111111111111111111111111111111111111111111111111111111111111111111111111111111111100000
00000011111111011111111111111111111111111111111111111111111111111111111111111111111111111111111111111111111111111111111111111111111111111111111111111111111100000
00000011111111111111111111111111111111111111111111111111111111111111111111111111111111111111111111111111111111111111111111111111111111111111111111111111111100000
00000011111111111111111111111111111111111111111111111111111111111111111111111111111111111111111111111111111111111111111111111111111111111111111111111111111100000
00000011111111111111111111111111111111111111111111111111111111111111111111111111111111111111111111111111111111111111111111111111111111111111111111111111111100000
00000011111111111111111111111111111111111111111111111111111111111111111111111111111111111111111111111111111111111111111111111111111111111111111111111111111100000
00000011111111011111111111111111111111111111111111111111111111111111111111111111111111111111111111111111111111111111111111111111111111111111111111111111111100000
00000011111111011111111111111111111111111111111111111111111111111111111111111111111111111111111111111111111111111111111111111111111111111111111111111111111100000
00000011111111011111111111111111111111111111111111111111111111111111111111111111111111111111111111111111111111111111111111111111111111111111111111111111111100000
00000011111111011111111111111111111111111111111111111111111111111111111111111111111111111111111111111111111111111111111111111111111111111111111111111111111100000
00000011111111011111111111111111111111111111111111111111111111111111111111111111111111111111111111111111111111111111111111111111111111111111111111111111111100000
00000011111111111111111111111111111111111111111111111111111111111111111111111111111111111111111111111111111111111111111111111111111111111111111111111111111100000
00000011111111111111111111111111111111111111111111111111111111111111111111111111111111111111111111111111111111111111111111111111111111111111111111111111111100000
00000011111111111111111111111111111111111111111111111111111111111111111111111111111111111111111111111111111111111111111111111111111111111111111111111111111100000
00000011111111111111111111111111111111111111111111111111111111111111111111111111111111111111111111111111111111111111111111111111111111111111111111111111111100000
00000011111111011111111111111111111111111111111111111111111111111111111111111111111111111111111111111111111111111111111111111111111111111111111111111111111100000
00000011111111011111111111111111111111111111111111111111111111111111111111111111111111111111111111111111111111111111111111111111111111111111111111111111111100000
00000011111111011111111111111111111111111111111111111111111111111111111111111111111111111111111111111111111111111111111111111111111111111111111111111111111100000
00000011111111011111111111111111111111111111111111111111111111111111111111111111111111111111111111111111111111111111111111111111111111111111111111111111111100000
00000011111111111111111111111111111111111111111111111111111111111111111111111111111111111111111111111111111111111111111111111111111111111111111111111111111100000
00000011111111111111111111111111111111111111111111111111111111111111111111111111111111111111111111111111111111111111111111111111111111111111111111111111111100000
00000011111111111111111111111111111111111111111111111111111111111111111111111111111111111111111111111111111111111111111111111111111111111111111111111111111100000
00000011111111111111111111111111111111111111111111111111111111111111111111111111111111111111111111111111111111111111111111111111111111111111111111111111111100000
00000011111111011111111111111111111111111111111111111111111111111111111111111111111111111111111111111111111111111111111111111111111111111111111111111111111100000
00000011111111011111111111111111111111111111111111111111111111111111111111111111111111111111111111111111111111111111111111111111111111111111111111111111111100000
00000011111111011111111111111111111111111111111111111111111111111111111111111111111111111111111111111111111111111111111111111111111111111111111111111111111100000
00000011111111011111111111111111111111111111111111111111111111111111111111111111111111111111111111111111111111111111111111111111111111111111111111111111111100000
00000011111111011111111111111111111111111111111111111111111111111111111111111111111111111111111111111111111111111111111111111111111111111111111111111111111100000
00000011111111111111111111111111111111111111111111111111111111111111111111111111111111111111111111111111111111111111111111111111111111111111111111111111111100000
00000011111111111111111111111111111111111111111111111111111111111111111111111111111111111111111111111111111111111111111111111111111111111111111111111111111100000
00000011111111111111111111111111111111111111111111111111111111111111111111111111111111111111111111111111111111111111111111111111111111111111111111111111111100000
00000011111111111111111111111111111111111111111111111111111111111111111111111111111111111111111111111111111111111111111111111111111111111111111111111111111100000
00000011111111011111111111111111111111111111111111111111111111111111111111111111111111111111111111111111111111111111111111111111111111111111111111111111111100000
00000011111111011111111111111111111111111111111111111111111111111111111111111111111111111111111111111111111111111111111111111111111111111111111111111111111100000
00000011111111011111111111111111111111111111111111111111111111111111111111111111111111111111111111111111111111111111111111111111111111111111111111111111111100000
Testing mode: 0, with params: SF: 12, BW: 200, 2 symbols per cad, total symbols: 280, amount_of_cads_to_measure: 107, WAIT_TIME: 875
00001111111111111111111111111111111111111111111111111111111111111111111111111111111111111111111111111100000
00001111111111111111111111111111111111111111111111111111111111111111111111111111111111111111111111111100000
00001111111111111111111111111111111111111111111111111111111111111111111111111111111111111111111111111100000
00001111111111111111111111111111111111111111111111111111111111111111111111111111111111111111111111111100000
00001111111111111111111111111111111111111111111111111111111111111111111111111111111111111111111111111100000
00001111111111111111111111111111111111111111111111111111111111111111111111111111111111111111111111111100000
00001111111111111111111111111111111111111111111111111111111111111111111111111111111111111111111111111100000
00001111111111111111111111111111111111111111111111111111111111111111111111111111111111111111111111111100000
00001111111111111111111111111111111111111111111111111111111111111111111111111111111111111111111111111100000
00001111111111111111111111111111111111111111111111111111111111111111111111111111111111111111111111111100000
00001111111111111111111111111111111111111111111111111111111111111111111111111111111111111111111111111100000
00001111111111111111111111111111111111111111111111111111111111111111111111111111111111111111111111111100000
00001111111111111111111111111111111111111111111111111111111111111111111111111111111111111111111111111100000
00001111111111111111111111111111111111111111111111111111111111111111111111111111111111111111111111111100000
00001111111111111111111111111111111111111111111111111111111111111111111111111111111111111111111111111100000
00001111111111111111111111111111111111111111111111111111111111111111111111111111111111111111111111111100000
00001111111111111111111111111111111111111111111111111111111111111111111111111111111111111111111111111100000
00001111111111111111111111111111111111111111111111111111111111111111111111111111111111111111111111111100000
00001111111111111111111111111111111111111111111111111111111111111111111111111111111111111111111111111100000
00001111111111111111111111111111111111111111111111111111111111111111111111111111111111111111111111111100000
00001111111111111111111111111111111111111111111111111111111111111111111111111111111111111111111111111100000
00001111111111111111111111111111111111111111111111111111111111111111111111111111111111111111111111111100000
00001111111111111111111111111111111111111111111111111111111111111111111111111111111111111111111111111100000
00001111111111111111111111111111111111111111111111111111111111111111111111111111111111111111111111111100000
00001111111111111111111111111111111111111111111111111111111111111111111111111111111111111111111111111100000
00001111111111111111111111111111111111111111111111111111111111111111111111111111111111111111111111111100000
00001111111111111111111111111111111111111111111111111111111111111111111111111111111111111111111111111100000
00001111111111111111111111111111111111111111111111111111111111111111111111111111111111111111111111111100000
00001111101111111111111111111111111111111111111111111111111111111111111111111111111111111111111111111100000
00001111111111111111111111111111111111111111111111111111111111111111111111111111111111111111111111111100000
00001111111111111111111111111111111111111111111111111111111111111111111111111111111111111111111111111100000
00001111111111111111111111111111111111111111111111111111111111111111111111111111111111111111111111111100000
00001111111111111111111111111111111111111111111111111111111111111111111111111111111111111111111111111100000
00001111111111111111111111111111111111111111111111111111111111111111111111111111111111111111111111111100000
00001111111111111111111111111111111111111111111111111111111111111111111111111111111111111111111111111100000
00001111111111111111111111111111111111111111111111111111111111111111111111111111111111111111111111111100000
00001111111111111111111111111111111111111111111111111111111111111111111111111111111111111111111111111100000
00001111111111111111111111111111111111111111111111111111111111111111111111111111111111111111111111111100000
00001111111111111111111111111111111111111111111111111111111111111111111111111111111111111111111111111100000
00001111111111111111111111111111111111111111111111111111111111111111111111111111111111111111111111111100000
00001111111111111111111111111111111111111111111111111111111111111111111111111111111111111111111111111100000
00001111111111111111111111111111111111111111111111111111111111111111111111111111111111111111111111111100000
00001111111111111111111111111111111111111111111111111111111111111111111111111111111111111111111111111100000
00001111111111111111111111111111111111111111111111111111111111111111111111111111111111111111111111111100000
00001111111111111111111111111111111111111111111111111111111111111111111111111111111111111111111111111100000
00001111111111111111111111111111111111111111111111111111111111111111111111111111111111111111111111111100000
00001111111111111111111111111111111111111111111111111111111111111111111111111111111111111111111111111100000
00001111111111111111111111111111111111111111111111111111111111111111111111111111111111111111111111111100000
00001111111111111111111111111111111111111111111111111111111111111111111111111111111111111111111111111100000
00001111111111111111111111111111111111111111111111111111111111111111111111111111111111111111111111111100000
Testing mode: 0, with params: SF: 12, BW: 200, 4 symbols per cad, total symbols: 280, amount_of_cads_to_measure: 65, WAIT_TIME: 875
00111111111111111111111111111111111111111111111111111111111100000
00111111111111111111111111111111111111111111111111111111111100000
00111111111111111111111111111111111111111111111111111111111100000
00111111111111111111111111111111111111111111111111111111111100000
00111111111111111111111111111111111111111111111111111111111100000
00111111111111111111111111111111111111111111111111111111111100000
00111111111111111111111111111111111111111111111111111111111100000
00111011111111111111111111111111111111111111111111111111111100000
00111011111111111111111111111111111111111111111111111111111100000
00111111111111111111111111111111111111111111111111111111111100000
00111111111111111111111111111111111111111111111111111111111100000
00111111111111111111111111111111111111111111111111111111111100000
00111111111111111111111111111111111111111111111111111111111100000
00111011111111111111111111111111111111111111111111111111111100000
00111011111111111111111111111111111111111111111111111111111100000
00111011111111111111111111111111111111111111111111111111111100000
00111011111111111111111111111111111111111111111111111111111100000
00111111111111111111111111111111111111111111111111111111111100000
00111111111111111111111111111111111111111111111111111111111100000
00111111111111111111111111111111111111111111111111111111111100000
00111111111111111111111111111111111111111111111111111111111100000
00111111111111111111111111111111111111111111111111111111111100000
00111011111111111111111111111111111111111111111111111111111100000
00111011111111111111111111111111111111111111111111111111111100000
00111011111111111111111111111111111111111111111111111111111100000
00111011111111111111111111111111111111111111111111111111111100000
00111111111111111111111111111111111111111111111111111111111100000
00111111111111111111111111111111111111111111111111111111111100000
00111111111111111111111111111111111111111111111111111111111100000
00111111111111111111111111111111111111111111111111111111111100000
00111111111111111111111111111111111111111111111111111111111100000
00111011111111111111111111111111111111111111111111111111111100000
00111111111111111111111111111111111111111111111111111111111100000
00111011111111111111111111111111111111111111111111111111111100000
00111111111111111111111111111111111111111111111111111111111100000
00111111111111111111111111111111111111111111111111111111111100000
00111111111111111111111111111111111111111111111111111111111100000
00111111111111111111111111111111111111111111111111111111111100000
00111111111111111111111111111111111111111111111111111111111100000
00111011111111111111111111111111111111111111111111111111111100000
00111011111111111111111111111111111111111111111111111111111100000
00111111111111111111111111111111111111111111111111111111111100000
00111011111111111111111111111111111111111111111111111111111100000
00111111111111111111111111111111111111111111111111111111111100000
00111111111111111111111111111111111111111111111111111111111100000
00111111111111111111111111111111111111111111111111111111111100000
00111111111111111111111111111111111111111111111111111111111100000
00111011111111111111111111111111111111111111111111111111111100000
00111011111111111111111111111111111111111111111111111111111100000
00111011111111111111111111111111111111111111111111111111111100000
Testing mode: 0, with params: SF: 12, BW: 200, 8 symbols per cad, total symbols: 280, amount_of_cads_to_measure: 38, WAIT_TIME: 875
01111111111111111111111111111111100000
01111111111111111111111111111111100000
01111111111111111111111111111111100000
01111111111111111111111111111111100000
01111111111111111111111111111111100000
01111111111111111111111111111111100000
01111111111111111111111111111111100000
01111111111111111111111111111111100000
01111111111111111111111111111111100000
01111111111111111111111111111111100000
01111111111111111111111111111111100000
01111111111111111111111111111111100000
01111111111111111111111111111111100000
01111111111111111111111111111111100000
01111111111111111111111111111111100000
01111111111111111111111111111111100000
01111111111111111111111111111111100000
01111111111111111111111111111111100000
01111111111111111111111111111111100000
01111111111111111111111111111111100000
01111111111111111111111111111111100000
01111111111111111111111111111111100000
01111111111111111111111111111111100000
01111111111111111111111111111111100000
01111111111111111111111111111111100000
01111111111111111111111111111111100000
01111111111111111111111111111111100000
01111111111111111111111111111111100000
01111111111111111111111111111111100000
01111111111111111111111111111111100000
01111111111111111111111111111111100000
01111111111111111111111111111111100000
01111111111111111111111111111111100000
01111111111111111111111111111111100000
01111111111111111111111111111111100000
01111111111111111111111111111111100000
01111111111111111111111111111111100000
01111111111111111111111111111111100000
01111111111111111111111111111111100000
01111111111111111111111111111111100000
01111111111111111111111111111111100000
01111111111111111111111111111111100000
01111111111111111111111111111111100000
01111111111111111111111111111111100000
01111111111111111111111111111111100000
01111111111111111111111111111111100000
01111111111111111111111111111111100000
01111111111111111111111111111111100000
01111111111111111111111111111111100000
01111111111111111111111111111111100000
Testing mode: 0, with params: SF: 12, BW: 200, 16 symbols per cad, total symbols: 280, amount_of_cads_to_measure: 19, WAIT_TIME: 875
1111111111111111110
1111111111111111110
1111111111111111110
1111111111111111110
1111111111111111110
1111111111111111110
1111111111111111110
1111111111111111110
1111111111111111110
1111111111111111110
1111111111111111110
1111111111111111110
1111111111111111110
1111111111111111110
1111111111111111110
1111111111111111110
1111111111111111110
1111111111111111110
1111111111111111110
1111111111111111110
1111111111111111110
1111111111111111110
1111111111111111110
1111111111111111110
1111111111111111110
1111111111111111110
1111111111111111110
1111111111111111110
1111111111111111110
1111111111111111110
1111111111111111110
1111111111111111110
1111111111111111110
1111111111111111110
1111111111111111110
1111111111111111110
1111111111111111110
1111111111111111110
1111111111111111110
1111111111111111110
1111111111111111110
1111111111111111110
1111111111111111110
1111111111111111110
1111111111111111110
1111111111111111110
1111111111111111110
1111111111111111110
1111111111111111110
1111111111111111110
Testing mode: 1, with params: SF: 12, BW: 1600, 1 symbols per cad, total symbols: 280, amount_of_cads_to_measure: 149, WAIT_TIME: 125
00001111111011111111111111111111111111111111111111111111111111111111111111111111111111111111111111111111111111111111111111111111111111111111110000000
00001111111011111111111111111111111111111111111111111111111111111111111111111111111111111111111111111111111111111111111111111111111111111111110000000
00001111111011111111111111111111111111111111111111111111111111111111111111111111111111111111111111111111111111111111111111111111111111111111110000000
00001111111011111111111111111111111111111111111111111111111111111111111111111111111111111111111111111111111111111111111111111111111111111111110000000
00001111111011111111111111111111111111111111111111111111111111111111111111111111111111111111111111111111111111111111111111111111111111111111110000000
00001111111011111111111111111111111111111111111111111111111111111111111111111111111111111111111111111111111111111111111111111111111111111111110000000
00001111111011111111111111111111111111111111111111111111111111111111111111111111111111111111111111111111111111111111111111111111111111111111110000000
00001111111011111111111111111111111111111111111111111111111111111111111111111111111111111111111111111111111111111111111111111111111111111111110000000
00001111111011111111111111111111111111111111111111111111111111111111111111111111111111111111111111111111111111111111111111111111111111111111110000000
00001111111011111111111111111111111111111111111111111111111111111111111111111111111111111111111111111111111111111111111111111111111111111111110000000
00001111111011111111111111111111111111111111111111111111111111111111111111111111111111111111111111111111111111111111111111111111111111111111110000000
00001111111011111111111111111111111111111111111111111111111111111111111111111111111111111111111111111111111111111111111111111111111111111111110000000
00001111111011111111111111111111111111111111111111111111111111111111111111111111111111111111111111111111111111111111111111111111111111111111110000000
00001111111011111111111111111111111111111111111111111111111111111111111111111111111111111111111111111111111111111111111111111111111111111111110000000
00001111111011111111111111111111111111111111111111111111111111111111111111111111111111111111111111111111111111111111111111111111111111111111110000000
00001111111011111111111111111111111111111111111111111111111111111111111111111111111111111111111111111111111111111111111111111111111111111111110000000
00001111111011111111111111111111111111111111111111111111111111111111111111111111111111111111111111111111111111111111111111111111111111111111110000000
00001111111011111111111111111111111111111111111111111111111111111111111111111111111111111111111111111111111111111111111111111111111111111111110000000
00001111111011111111111111111111111111111111111111111111111111111111111111111111111111111111111111111111111111111111111111111111111111111111110000000
00001111111011111111111111111111111111111111111111111111111111111111111111111111111111111111111111111111111111111111111111111111111111111111110000000
00001111111011111111111111111111111111111111111111111111111111111111111111111111111111111111111111111111111111111111111111111111111111111111110000000
00001111111011111111111111111111111111111111111111111111111111111111111111111111111111111111111111111111111111111111111111111111111111111111110000000
00001111111011111111111111111111111111111111111111111111111111111111111111111111111111111111111111111111111111111111111111111111111111111111110000000
00001111111011111111111111111111111111111111111111111111111111111111111111111111111111111111111111111111111111111111111111111111111111111111110000000
00001111111011111111111111111111111111111111111111111111111111111111111111111111111111111111111111111111111111111111111111111111111111111111110000000
00001111111011111111111111111111111111111111111111111111111111111111111111111111111111111111111111111111111111111111111111111111111111111111110000000
00001111111011111111111111111111111111111111111111111111111111111111111111111111111111111111111111111111111111111111111111111111111111111111110000000
00001111111011111111111111111111111111111111111111111111111111111111111111111111111111111111111111111111111111111111111111111111111111111111110000000
00001111111011111111111111111111111111111111111111111111111111111111111111111111111111111111111111111111111111111111111111111111111111111111110000000
00001111111011111111111111111111111111111111111111111111111111111111111111111111111111111111111111111111111111111111111111111111111111111111110000000
00001111111011111111111111111111111111111111111111111111111111111111111111111111111111111111111111111111111111111111111111111111111111111111110000000
00001111111011111111111111111111111111111111111111111111111111111111111111111111111111111111111111111111111111111111111111111111111111111111110000000
00001111111011111111111111111111111111111111111111111111111111111111111111111111111111111111111111111111111111111111111111111111111111111111110000000
00001111111011111111111111111111111111111111111111111111111111111111111111111111111111111111111111111111111111111111111111111111111111111111110000000
00001111111011111111111111111111111111111111111111111111111111111111111111111111111111111111111111111111111111111111111111111111111111111111110000000
00001111111011111111111111111111111111111111111111111111111111111111111111111111111111111111111111111111111111111111111111111111111111111111110000000
00001111111011111111111111111111111111111111111111111111111111111111111111111111111111111111111111111111111111111111111111111111111111111111110000000
00001111111011111111111111111111111111111111111111111111111111111111111111111111111111111111111111111111111111111111111111111111111111111111110000000
00001111111011111111111111111111111111111111111111111111111111111111111111111111111111111111111111111111111111111111111111111111111111111111110000000
00001111111011111111111111111111111111111111111111111111111111111111111111111111111111111111111111111111111111111111111111111111111111111111110000000
00001111111011111111111111111111111111111111111111111111111111111111111111111111111111111111111111111111111111111111111111111111111111111111110000000
00001111111011111111111111111111111111111111111111111111111111111111111111111111111111111111111111111111111111111111111111111111111111111111110000000
00000111111111111111111111111111111111111111111111111111111111111111111111111111111111111111111111111111111111111111111111111111111111111111111000000
00000111111111111111111111111111111111111111111111111111111111111111111111111111111111111111111111111111111111111111111111111111111111111111111000000
00000111111111111111111111111111111111111111111111111111111111111111111111111111111111111111111111111111111111111111111111111111111111111111111000000
00000111111111111111111111111111111111111111111111111111111111111111111111111111111111111111111111111111111111111111111111111111111111111111111000000
00000111111111111111111111111111111111111111111111111111111111111111111111111111111111111111111111111111111111111111111111111111111111111111111000000
00000111111111111111111111111111111111111111111111111111111111111111111111111111111111111111111111111111111111111111111111111111111111111111111000000
00000111111111111111111111111111111111111111111111111111111111111111111111111111111111111111111111111111111111111111111111111111111111111111111000000
00000111111111111111111111111111111111111111111111111111111111111111111111111111111111111111111111111111111111111111111111111111111111111111111000000
Testing mode: 1, with params: SF: 12, BW: 1600, 2 symbols per cad, total symbols: 280, amount_of_cads_to_measure: 101, WAIT_TIME: 125
00011111011111111111111111111111111111111111111111111111111111111111111111111111111111111111111100000
00011111011111111111111111111111111111111111111111111111111111111111111111111111111111111111111100000
00011111011111111111111111111111111111111111111111111111111111111111111111111111111111111111111100000
00011111011111111111111111111111111111111111111111111111111111111111111111111111111111111111111100000
00011111011111111111111111111111111111111111111111111111111111111111111111111111111111111111111100000
00011111011111111111111111111111111111111111111111111111111111111111111111111111111111111111111100000
00011111011111111111111111111111111111111111111111111111111111111111111111111111111111111111111100000
00111110111111111111111111111111111111111111111111111111111111111111111111111111111111111111111000000
00111110111111111111111111111111111111111111111111111111111111111111111111111111111111111111111000000
00111110111111111111111111111111111111111111111111111111111111111111111111111111111111111111111000000
00111110111111111111111111111111111111111111111111111111111111111111111111111111111111111111111000000
00111110111111111111111111111111111111111111111111111111111111111111111111111111111111111111111000000
00111110111111111111111111111111111111111111111111111111111111111111111111111111111111111111111000000
00111110111111111111111111111111111111111111111111111111111111111111111111111111111111111111111000000
00111110111111111111111111111111111111111111111111111111111111111111111111111111111111111111111000000
00111110111111111111111111111111111111111111111111111111111111111111111111111111111111111111111000000
00111110111111111111111111111111111111111111111111111111111111111111111111111111111111111111111000000
00111110111111111111111111111111111111111111111111111111111111111111111111111111111111111111111000000
00111110111111111111111111111111111111111111111111111111111111111111111111111111111111111111111000000
00111110111111111111111111111111111111111111111111111111111111111111111111111111111111111111111000000
00111110111111111111111111111111111111111111111111111111111111111111111111111111111111111111111000000
00111110111111111111111111111111111111111111111111111111111111111111111111111111111111111111111000000
00111110111111111111111111111111111111111111111111111111111111111111111111111111111111111111111000000
00111110111111111111111111111111111111111111111111111111111111111111111111111111111111111111111000000
00111110111111111111111111111111111111111111111111111111111111111111111111111111111111111111111000000
00111110111111111111111111111111111111111111111111111111111111111111111111111111111111111111111000000
00111110111111111111111111111111111111111111111111111111111111111111111111111111111111111111111000000
00111110111111111111111111111111111111111111111111111111111111111111111111111111111111111111111000000
00111110111111111111111111111111111111111111111111111111111111111111111111111111111111111111111000000
00111110111111111111111111111111111111111111111111111111111111111111111111111111111111111111111000000
00111110111111111111111111111111111111111111111111111111111111111111111111111111111111111111111000000
00111110111111111111111111111111111111111111111111111111111111111111111111111111111111111111111000000
00111110111111111111111111111111111111111111111111111111111111111111111111111111111111111111111000000
00111110111111111111111111111111111111111111111111111111111111111111111111111111111111111111111000000
00111110111111111111111111111111111111111111111111111111111111111111111111111111111111111111111000000
00111110111111111111111111111111111111111111111111111111111111111111111111111111111111111111111000000
00111110111111111111111111111111111111111111111111111111111111111111111111111111111111111111111000000
00111110111111111111111111111111111111111111111111111111111111111111111111111111111111111111111000000
00111110111111111111111111111111111111111111111111111111111111111111111111111111111111111111111000000
00111110111111111111111111111111111111111111111111111111111111111111111111111111111111111111111000000
00111110111111111111111111111111111111111111111111111111111111111111111111111111111111111111111000000
00111110111111111111111111111111111111111111111111111111111111111111111111111111111111111111111000000
00111110111111111111111111111111111111111111111111111111111111111111111111111111111111111111111000000
00111110111111111111111111111111111111111111111111111111111111111111111111111111111111111111111000000
00111110111111111111111111111111111111111111111111111111111111111111111111111111111111111111111000000
00111110111111111111111111111111111111111111111111111111111111111111111111111111111111111111111000000
00111110111111111111111111111111111111111111111111111111111111111111111111111111111111111111111000000
00111110111111111111111111111111111111111111111111111111111111111111111111111111111111111111111000000
00111110111111111111111111111111111111111111111111111111111111111111111111111111111111111111111000000
00111110111111111111111111111111111111111111111111111111111111111111111111111111111111111111111000000
Testing mode: 1, with params: SF: 12, BW: 1600, 4 symbols per cad, total symbols: 280, amount_of_cads_to_measure: 63, WAIT_TIME: 125
001111111111111111111111111111111111111111111111111111111100000
001111111111111111111111111111111111111111111111111111111100000
001111111111111111111111111111111111111111111111111111111100000
001111111111111111111111111111111111111111111111111111111100000
001111111111111111111111111111111111111111111111111111111100000
001111111111111111111111111111111111111111111111111111111100000
001111111111111111111111111111111111111111111111111111111100000
001111111111111111111111111111111111111111111111111111111100000
001111111111111111111111111111111111111111111111111111111100000
001111111111111111111111111111111111111111111111111111111100000
001111111111111111111111111111111111111111111111111111111100000
001111111111111111111111111111111111111111111111111111111100000
001111111111111111111111111111111111111111111111111111111100000
001111111111111111111111111111111111111111111111111111111100000
001111111111111111111111111111111111111111111111111111111100000
011111111111111111111111111111111111111111111111111111111000000
011111111111111111111111111111111111111111111111111111111000000
011111111111111111111111111111111111111111111111111111111000000
011111111111111111111111111111111111111111111111111111111000000
011111111111111111111111111111111111111111111111111111111000000
011111111111111111111111111111111111111111111111111111111000000
011111111111111111111111111111111111111111111111111111111000000
011111111111111111111111111111111111111111111111111111111000000
011111111111111111111111111111111111111111111111111111111000000
011111111111111111111111111111111111111111111111111111111000000
011111111111111111111111111111111111111111111111111111111000000
011111111111111111111111111111111111111111111111111111111000000
011111111111111111111111111111111111111111111111111111111000000
011111111111111111111111111111111111111111111111111111111000000
011111111111111111111111111111111111111111111111111111111000000
011111111111111111111111111111111111111111111111111111111000000
011111111111111111111111111111111111111111111111111111111000000
011111111111111111111111111111111111111111111111111111111000000
011111111111111111111111111111111111111111111111111111111000000
011111111111111111111111111111111111111111111111111111111000000
011111111111111111111111111111111111111111111111111111111000000
011111111111111111111111111111111111111111111111111111111000000
011111111111111111111111111111111111111111111111111111111000000
011111111111111111111111111111111111111111111111111111111000000
011111111111111111111111111111111111111111111111111111111000000
011111111111111111111111111111111111111111111111111111111000000
011111111111111111111111111111111111111111111111111111111000000
011111111111111111111111111111111111111111111111111111111000000
011111111111111111111111111111111111111111111111111111111000000
011111111111111111111111111111111111111111111111111111111000000
011111111111111111111111111111111111111111111111111111111000000
011111111111111111111111111111111111111111111111111111111000000
011111111111111111111111111111111111111111111111111111111000000
011111111111111111111111111111111111111111111111111111111000000
011111111111111111111111111111111111111111111111111111111000000
Testing mode: 1, with params: SF: 12, BW: 1600, 8 symbols per cad, total symbols: 280, amount_of_cads_to_measure: 37, WAIT_TIME: 125
0111111111111111111111111111111100000
0111111111111111111111111111111100000
0111111111111111111111111111111100000
0111111111111111111111111111111100000
0111111111111111111111111111111100000
0111111111111111111111111111111100000
0111111111111111111111111111111100000
0111111111111111111111111111111110000
0111111111111111111111111111111110000
0111111111111111111111111111111110000
0111111111111111111111111111111110000
0111111111111111111111111111111110000
0111111111111111111111111111111110000
0111111111111111111111111111111110000
0111111111111111111111111111111110000
0111111111111111111111111111111110000
0111111111111111111111111111111110000
0111111111111111111111111111111110000
0111111111111111111111111111111110000
0111111111111111111111111111111110000
0111111111111111111111111111111110000
0111111111111111111111111111111110000
0111111111111111111111111111111100000
0111111111111111111111111111111100000
0111111111111111111111111111111100000
0111111111111111111111111111111100000
0111111111111111111111111111111100000
0111111111111111111111111111111100000
0111111111111111111111111111111100000
0111111111111111111111111111111100000
0111111111111111111111111111111100000
0111111111111111111111111111111100000
0111111111111111111111111111111100000
0111111111111111111111111111111100000
0111111111111111111111111111111100000
0111111111111111111111111111111100000
0111111111111111111111111111111100000
0111111111111111111111111111111100000
0111111111111111111111111111111100000
0111111111111111111111111111111100000
0111111111111111111111111111111100000
0111111111111111111111111111111100000
0111111111111111111111111111111100000
0111111111111111111111111111111100000
0111111111111111111111111111111100000
0111111111111111111111111111111100000
0111111111111111111111111111111100000
0111111111111111111111111111111100000
0111111111111111111111111111111100000
0111111111111111111111111111111100000
Testing mode: 1, with params: SF: 12, BW: 1600, 16 symbols per cad, total symbols: 280, amount_of_cads_to_measure: 22, WAIT_TIME: 125
1111111111111111100000
1111111111111111100000
0111111111111111100000
1111111111111111100000
0111111111111111100000
1111111111111111100000
1111111111111111100000
0111111111111111100000
0111111111111111100000
0111111111111111100000
1111111111111111100000
1111111111111111100000
1111111111111111100000
1111111111111111100000
0111111111111111100000
1111111111111111100000
0111111111111111100000
0111111111111111100000
0111111111111111100000
0111111111111111100000
0111111111111111100000
0111111111111111100000
0111111111111111100000
0111111111111111100000
0111111111111111100000
0111111111111111100000
0111111111111111100000
0111111111111111100000
0111111111111111100000
0111111111111111100000
0111111111111111100000
0111111111111111100000
1111111111111111100000
1111111111111111100000
1111111111111111100000
0111111111111111100000
1111111111111111100000
0111111111111111100000
1111111111111111100000
0111111111111111100000
1111111111111111100000
1111111111111111100000
0111111111111111100000
0111111111111111100000
1111111111111111100000
1111111111111111100000
1111111111111111100000
0111111111111111100000
1111111111111111100000
0111111111111111100000
Testing mode: 2, with params: SF: 7, BW: 200, 1 symbols per cad, total symbols: 395, amount_of_cads_to_measure: 186, WAIT_TIME: 62
000000000000000000111111101111111111111111111111111111111111111111111111111111111111111111111111111111111111111111111111111101111111111111111111111111111111111111111111111111111111111111
000000000000000000111111101111111111111111111111111111111111111111111111111111111111111111111111101111111111111111011111111111111111111111111111111111111111111111111111111111111111111111
000000000000000000111111101111111111111111111111111111111111111111111111111111111111111111111111111111111111111111111111111101111111111111111111111111111111111111111111111111111111111111
000000000000000000111111101111111111111111111111111111111111111111111111111111111111111111111111111111111111111111111111111111111111111111111111111111111111111111111111111111111111111111
000000000000000000111111101111111111111111111111111111111111111111111111111111111111111111111111111111111111111111111111111111111111111111111111111111111111111111111111111111111111111111
000000000000000000111111101111111111111111111111111111111111111111111111111111111111111111111111111111111111111111111111111111111111111111111111111111111111111111111111111111111111111111
000000000000000000111111101111111111111111111111111111111111111111111111111111111111111111111111111111111111111111111111111111111111111111111111111111111111111111111111111111111111111111
000000000000000000111111101111111111111111111111111111111111111111111111111111111111111111111111111111111111111111111111111111111111111111111111111111111111111111111111111111111111111111
000000000000000000111111101111111111111111111111111111111111111111111111111111111111111111111111111111111111111111111111111111111111111111111111111111111111111111111111111111111111111111
000000000000000000111111101111111111111111111111111111111111111111111111111111111111111111111111111111111111111111111111111111111111111111111111111111111111111111111111111111111111111111
000000000000000000111111101111111111111111111111111111111111111111111111111111111111111111111111111111111111111111111111111111111111111111111111111111111111111111111111111111111111111111
000000000000000000111111101111111111111111111111111110111111111111111111111111111111111111111111111111111111111111111111111111111111111111111111111111111111111111111111111111111111111111
000000000000000000111111101111111111111111111111111111111111111111111111111111111111111111111111111111111111111111111111111111111111111111111111111111111111111111111111111111111111111111
000000000000000000111111101111111111111111111111111111111111111111111111111111111111111111111111111111111111111111111111111111111111111111111111111111111111111111111111111111111111111111
000000000000000000111111101111111111111111111111111111111111111111111111111111111111111111111111111111111111111111111111111111111111111111111111111111111111111111111111111111111111111111
000000000000000000111111101111111111111111111111111111111111111111111111111111111111111111111111111111111111111111111111111111111111111111111111111111111111111111111111111111111111111111
000000000000000000111111101111111111111111111111111111111111111111111111111111111111111111111111111111111111111111111111111111111111111111111111111111111111111111111111111111111111111111
000000000000000000111111101111111111111111111111111111111111111111111111111111111111111111111111111111111111111111111111111111111111111110111111111111111101111111111111111111111111111111
000000000000000000111111101111111111111111111111111111111111111111111111111111111111111111111111111111111111111111111111111111111111111111111111111111111111111111111111111111111111111111
000000000000000000111111101111111111111111111111111111111111111111111111111111111111111111111111101111111111111111111111111111111111111111111111111111111111111111111111111111111111111111
000000000000000000111111101111111111111111111111111111111111111111111111111111111111111111111111111111111111111111111111111111111111111111111111111111111111111111111111111111111111111111
000000000000000000111111101111111111111111111111111110111111111111111111111111111111111111111111111111111111111111111111111111111101111111111111111111111111111111111111111111111111111111
000000000000000000111111101111111111111111111111111111111111111111111111111111111111111111111111111111111111111111111111111111111111111111111111111111111111111111111111111111111111111111
000000000000000000111111101111111111111111111111111111111111111111111111111111111111111111111111101111111111111111111111111111111111111111111111111111111111111111111111111111111111111111
000000000000000000111111101111111111111111111111111111111111111111111111111111111111111111111111111111111111111111111111111111111111111111111111111111111111111111111111111111111111111111
000000000000000000111111101111111111111111111111111111111111111111111111111111111111111111111111111111111111111111011111111111111111111111111111111111111111111111111111111111111111111111
000000000000000000111111101111111111111111111111111111111111111111111111111111111111111111111111111111111111111111111111111111111111111111111111111111111111111111111111111111111111111111
000000000000000000111111101110111111111111111111111111111111111111111111111111111111111111111111111111111111111111111111111111111111111111111111111111111101111111111111111111111111111111
000000000000000000111111101111111111111111111111111111111111111111111111111111111111111111111111111111111111111111111111111111111111111111111111111111111111111111111111111111111111111111
000000000000000000111111101111111111111111111111111111111111111111111111111111111111111111111111111111111111111111111111111111111111111111111111111111111111111111111111111111111111111111
000000000000000000111111101111111111111111111111111111111111111111111111111111111111111111111111111111111111111111111111111111111111111111111111111111111111111111111111111111111111111111
000000000000000000111111101111111111111111111111111111111111111111111111111111111111111111111111111111111111111111111111111101111101111111111111111111111111111111111111111111111111111111
000000000000000000111111101111111111111111111111111111111111111111111111111111111111111111111111111111111111111111111111111111111111111111111111111111111111111111111111111111111111111111
000000000000000000111111101111111111111111111111111111111111111111111111111111111111111111111111111111111111111111111111111111111111111111111111111111111111111111111111111111111111111111
000000000000000000111111101111111111111111111111111111111111111111111111111111111111111111111111111111111111111111111111111111111101111111111111111111111101111111111111111111111111111111
000000000000000000111111101111111111111111111111111111111111111111111111111111111111111111111111111111111111111111111111111111111101111111111111111111111101111111111111111111111111111111
000000000000000000111111101111111111111111111111111111111111111111111111111111111111111111111111111111111111111111111111111111111111111111111111111111111111111111111111111111111111111111
000000000000000000111111101111111111111111111111111111111111111111111111111111111111111111111111111111111111111111111111111111111111111111111111111111111111111111111111111111111111111111
000000000000000000111111101111111111111111111111111111111111111111111111111111111111111111111111111111111111111111111111111111111111111111111111111111111111111111111111111111111111111111
000000000000000000111111101111111111111111111111111111111111111111111111111111111111111111111111111111111111111111111111111111111111111110111111111111111101111111111111111111111111111111
000000000000000000111111101111111111111111111111111111111111111111111111111111111111111111111111111111111111111111111111111111111111111111111111111111111111111111111111111111111111111111
000000000000000000111111101111111111111111111111111111111111111111111111111111111111111111111111111111111111111111111111111111111111111111111111111111111111111111111111111111111111111111
000000000000000000111111101111111111111111111111111111111111111111111111111111111111111111111111111111111111111111111111111111111111111111111111111111111111111111111111111111111111111111
000000000000000000111111101111111111111111111111111111111111111111111111111111111111111111111111111111111111111111111111111111111111111111111111111111111111111111111111111111111111111111
000000000000000000111111101111111111111111111111111111111111111111111111111111111111111111111111111111111111111111111111111111111111111111111111111111111111111111111111111111111111111111
000000000000000000111111101111111111111111111111111111111111111111111111111111111111111111111111111111111111111111111111111111111111111111111111111111111111111111111111111111111111111111
000000000000000000111111101111111111111111111111111110111111111111111111111111111111111111111111111111111111111111111111111111111111111111111111111111111111111111111111111111111111111111
000000000000000000111111101111111111111111111111111111111111111111111111111111111111111111111111111111111111111111111111111111111111111110111111111111111101111111111111111111111111111111
000000000000000000111111101111111111111111111111111110111111111111111111111111111111111111111111111111111111111111111111111111111111111111111111111111111111111111111111111111111111111111
000000000000000000000000111111011111111111111111111111111111111111111111111111111111111111111111111111111111011111111111111111111111111111111111111111111111111111111111111111111111111111
Testing mode: 2, with params: SF: 7, BW: 200, 2 symbols per cad, total symbols: 395, amount_of_cads_to_measure: 134, WAIT_TIME: 62
00000000000001111011111111111111111111111111111111111111111111111111111111111111111111111111111111111111111111111111111111111111111000
00000000000001111011111111111111111111111111111111111111111111111111111111111111111111111111111111111111111111111111111111111111111000
00000000000001111011111111111111111111111111111111111111111111111111111111111111111111111111111111111111111111111111111111111111111000
00000000000001111011111111111111111111111111111111111111111111111111111111111111111111111111111111111111111111111111111111111111111000
00000000000001111011111111111111111111111111111111111111111111111111111111111111111111111111111111111111111111111111111111111111111000
00000000000001111011111111111111111111111111111111111111111111111111111111111111111111111111111111111111111111111111111111111111111000
00000000000001111011111111111111111111111111111111111111111111111111111111111111111111111111111111111111111111111111111111111111111000
00000000000001111011111111111111111111111111111111111111111111111111111111111111111111111111111111111111111111111111111111111111111000
00000000000001111011111111111111111111111111111111111111111111111111111111111111111111111111111111111111111111111111111111111111111000
00000000000001111011111111111111111111111111111111111111111111111111111111111111111111111111111111111111111111111111111111111111111000
00000000000001111011111111111111111111111111111111111111111111111111111111111111111111111111111111111111111111111111111111111111111000
00000000000001111011111111111111111111111111111111111111111111111111111111111111111111111111111111111111111111111111111111111111111000
00000000000001111011111111111111111111111111111111111111111111111111111111111111111111111111111111111111111111111111111111111111111000
00000000000001111011111111111111111111111111111111111111111111111111111111111111111111111111111111111111111111111111111111111111111000
00000000000001111011111111111111111111111111111111111111111111111111111111111111111111111111111111111111111111111111111111111111111000
00000000000001111011111111111111111111111111111111111111111111111111111111111111111111111111111111111111111111111111111111111111111000
00000000000001111011111111111111111111111111111111111111111111111111111111111111111111111111111111111111111111111111111111111111111000
00000000000001111011111111111111111111111111111111111111111111111111111111111111111111111111111111111111111111111111111111111111111000
00000000000001111011111111111111111111111111111111111111111111111111111111111111111111111111111111111111111111111111111111111111111000
00000000000001111011111111111111111111111111111111111111111111111111111111111111111111111111111111111111111111111111111111111111111000
00000000000001111011111111111111111111111111111111111111111111111111111111111111111111111111111111111111111111111111111111111111111000
00000000000001111011111111111111111111111111111111111111111111111111111111111111111111111111111111111111111111111111111111111111111000
00000000000001111011111111111111111111111111111111111111111111111111111111111111111111111111111111111111111111111111111111111111111000
00000000011110111111111111111111111111111111111111111111111111111111111111111111111111111111111111111111111111111111111111111110000000
00000000011110111111111111111111111111111111111111111111111111111111111111111111111111111111111111111111111111111111111111111110000000
00000000011110111111111111111111111111111111111111111111111111111111111111111111111111111111111111111111111111111111111111111110000000
00000000011110111111111111111111111111111111111111111111111111111111111111111111111111111111111111111111111111111111111111111110000000
00000000011110111111111111111111111111111111111111111111111111111111111111111111111111111111111111111111111111111111111111111110000000
00000000011110111111111111111111111111111111111111111111111111111111111111111111111111111111111111111111111111111111111111111110000000
00000000011110111111111111111111111111111111111111111111111111111111111111111111111111111111111111111111111111111111111111111110000000
00000000011110111111111111111111111111111111111111111111111111111111111111111111111111111111111111111111111111111111111111111110000000
00000000011110111111111111111111111111111111111111111111111111111111111111111111111111111111111111111111111111111111111111111110000000
00000000011110111111111111111111111111111111111111111111111111111111111111111111111111111111111111111111111111111111111111111110000000
00000000011110111111111111111111111111111111111111111111111111111111111111111111111111111111111111111111111111111111111111111110000000
00000000011110111111111111111111111111111111111111111111111111111111111111111111111111111111111111111111111111111111111111111110000000
00000000011110111111111111111111111111111111111111111111111111111111111111111111111111111111111111111111111111111111111111111110000000
00000000011110111111111111111111111111111111111111111111111111111111111111111111111111111111111111111111111111111111111111111110000000
00000000011110111111111111111111111111111111111111111111111111111111111111111111111111111111111111111111111111111111111111111110000000
00000000011110111111111111111111111111111111111111111111111111111111111111111111111111111111111111111111111111111111111111111110000000
00000000011110111111111111111111111111111111111111111111111111111111111111111111111111111111111111111111111111111111111111111110000000
00000000011110111111111111111111111111111111111111111111111111111111111111111111111111111111111111111111111111111111111111111110000000
00000000011110111111111111111111111111111111111111111111111111111111111111111111111111111111111111111111111111111111111111111110000000
00000000011110111111111111111111111111111111111111111111111111111111111111111111111111111111111111111111111111111111111111111110000000
00000000011110111111111111111111111111111111111111111111111111111111111111111111111111111111111111111111111111111111111111111110000000
00000000011110111111111111111111111111111111111111111111111111111111111111111111111111111111111111111111111111111111111111111110000000
00000000011110111111111111111111111111111111111111111111111111111111111111111111111111111111111111111111111111111111111111111110000000
00000000011110111111111111111111111111111111111111111111111111111111111111111111111111111111111111111111111111111111111111111110000000
00000000011110111111111111111111111111111111111111111111111111111111111111111111111111111111111111111111111111111111111111111110000000
00000000011110111111111111111111111111111111111111111111111111111111111111111111111111111111111111111111111111111111111111111110000000
00000000011110111111111111111111111111111111111111111111111111111111111111111111111111111111111111111111111111111111111111111110000000
Testing mode: 2, with params: SF: 7, BW: 200, 4 symbols per cad, total symbols: 395, amount_of_cads_to_measure: 86, WAIT_TIME: 62
00000000110111111111111111111111111111111111111111111111111111111111111111111111100000
00000000110111111111111111111111111111111111111111111111111111111111111111111111100000
00000000111111111111111111111111111111111111111111111111111111111111111111111111100000
00000000111111111111111111111111111111111111111111111111111111111111111111111111110000
00000000111111111111111111111111111111111111111111111111111111111111111111111111100000
00000000111111111111111111111111111111111111111111111111111111111111111111111111100000
00000000110111111111111111111111111111111111111111111111111111111111111111111111100000
00000000110111111111111111111111111111111111111111111111111111111111111111111111100000
00000000110111111111111111111111111111111111111111111111111111111111111111111111100000
00000000110111111111111111111111111111111111111111111111111111111111111111111111100000
00000000110111111111111111111111111111111111111111111111111111111111111111111111100000
00000000110111111111111111111111111111111111111111111111111111111111111111111111100000
00000000110111111111111111111111111111111111111111111111111111111111111111111111100000
00000000110111111111111111111111111111111111111111111111111111111111111111111111100000
00000000111111111111111111111111111111111111111111111111111111111111111111111111100000
00000000110111111111111111111111111111111111111111111111111111111111111111111111100000
00000000110111111111111111111111111111111111111111111111111111111111111111111111100000
00000000111111111111111111111111111111111111111111111111111111111111111111111111100000
00000000110111111111111111111111111111111111111111111111111111111111111111111111100000
00000000110111111111111111111111111111111111111111111111111111111111111111111111100000
00000000110111111111111111111111111111111111111111111111111111111111111111111111100000
00000000110111111111111111111111111111111111111111111111111111111111111111111111100000
00000000110111111111111111111111111111111111111111111111111111111111111111111111100000
00000000110111111111111111111111111111111111111111111111111111111111111111111111100000
00000000110111111111111111111111111111111111111111111111111111111111111111111111100000
00000000111111111111111111111111111111111111111111111111111111111111111111111111100000
00000000110111111111111111111111111111111111111111111111111111111111111111111111100000
00000000111111111111111111111111111111111111111111111111111111111111111111111111100000
00000000111111111111111111111111111111111111111111111111111111111111111111111111100000
00000000110111111111111111111111111111111111111111111111111111111111111111111111100000
00000000110111111111111111111111111111111111111111111111111111111111111111111111100000
00000000110111111111111111111111111111111111111111111111111111111111111111111111100000
00000000111111111111111111111111111111111111111111111111111111111111111111111111100000
00000000110111111111111111111111111111111111111111111111111111111111111111111111100000
00000000110111111111111111111111111111111111111111111111111111111111111111111111110000
00000000110111111111111111111111111111111111111111111111111111111111111111111111100000
00000000110111111111111111111111111111111111111111111111111111111111111111111111110000
00000000110111111111111111111111111111111111111111111111111111111111111111111111100000
00000000110111111111111111111111111111111111111111111111111111111111111111111111110000
00000000110111111111111111111111111111111111111111111111111111111111111111111111100000
00000000110111111111111111111111111111111111111111111111111111111111111111111111100000
00000000110111111111111111111111111111111111111111111111111111111111111111111111100000
00000000110111111111111111111111111111111111111111111111111111111111111111111111100000
00000000110111111111111111111111111111111111111111111111111111111111111111111111100000
00000000110111111111111111111111111111111111111111111111111111111111111111111111100000
00000000110111111111111111111111111111111111111111111111111111111111111111111111100000
00000000110111111111111111111111111111111111111111111111111111111111111111111111100000
00000000110111111111111111111111111111111111111111111111111111111111111111111111100000
00000000110111111111111111111111111111111111111111111111111111111111111111111111100000
00000000110111111111111111111111111111111111111111111111111111111111111111111111100000
Testing mode: 2, with params: SF: 7, BW: 200, 8 symbols per cad, total symbols: 395, amount_of_cads_to_measure: 52, WAIT_TIME: 62
0000011111111111111111111111111111111111111111000000
0000011111111111111111111111111111111111111111000000
0000010111111111111111111111111111111111111111000000
0000011111111111111111111111111111111111111111000000
0000011111111111111111111111111111111111111111000000
0000011111111111111111111111111111111111111111000000
0000011111111111111111111111111111111111111111000000
0000011111111111111111111111111111111111111111000000
0000011111111111111111111111111111111111111111000000
0000011111111111111111111111111111111111111111000000
0000010111111111111111111111111111111111111111000000
0000011111111111111111111111111111111111111111000000
0000001011111111111111111111111111111111111111110000
0000001011111111111111111111111111111111111111110000
0000001011111111111111111111111111111111111111110000
0000001011111111111111111111111111111111111111110000
0000001011111111111111111111111111111111111111110000
0000001111111111111111111111111111111111111111110000
0000001111111111111111111111111111111111111111110000
0000001111111111111111111111111111111111111111110000
0000001111111111111111111111111111111111111111110000
0000001111111111111111111111111111111111111111110000
0000001111111111111111111111111111111111111111110000
0000001111111111111111111111111111111111111111110000
0000001111111111111111111111111111111111111111110000
0000001111111111111111111111111111111111111111110000
0000001011111111111111111111111111111111111111110000
0000001111111111111111111111111111111111111111110000
0000001111111111111111111111111111111111111111110000
0000001111111111111111111111111111111111111111110000
0000001111111111111111111111111111111111111111110000
0000001111111111111111111111111111111111111111110000
0000001111111111111111111111111111111111111111110000
0000001111111111111111111111111111111111111111110000
0000001111111111111111111111111111111111111111110000
0000001111111111111111111111111111111111111111110000
0000001111111111111111111111111111111111111111110000
0000010111111111111111111111111111111111111111000000
0000011111111111111111111111111111111111111111000000
0000011111111111111111111111111111111111111111000000
0000011111111111111111111111111111111111111111000000
0000011111111111111111111111111111111111111111000000
0000011111111111111111111111111111111111111111000000
0000111111111111111111111111111111111111111111000000
0000010111111111111111111111111111111111111111000000
0000011111111111111111111111111111111111111111000000
0000011111111111111111111111111111111111111111000000
0000011111111111111111111111111111111111111111000000
0000011111111111111111111111111111111111111111000000
0000011111111111111111111111111111111111111111000000
Testing mode: 2, with params: SF: 7, BW: 200, 16 symbols per cad, total symbols: 395, amount_of_cads_to_measure: 30, WAIT_TIME: 62
001111111111111111111111100000
001111111111111111111111100000
000111111111111111111111100000
001111111111111111111111100000
001111111111111111111111100000
001111111111111111111111100000
001111111111111111111111100000
000111111111111111111111100000
001111111111111111111111100000
001111111111111111111111100000
001111111111111111111111100000
001111111111111111111111100000
001111111111111111111111100000
001111111111111111111111100000
001111111111111111111111100000
001111111111111111111111100000
001111111111111111111111100000
001111111111111111111111100000
001111111111111111111111100000
001111111111111111111111100000
001111111111111111111111100000
001111111111111111111111100000
001111111111111111111111100000
001111111111111111111111100000
001111111111111111111111100000
001111111111111111111111100000
001111111111111111111111100000
001111111111111111111111100000
001111111111111111111111100000
001111111111111111111111100000
001111111111111111111111100000
001111111111111111111111100000
001111111111111111111111100000
001111111111111111111111100000
001111111111111111111111100000
001111111111111111111111100000
001111111111111111111111100000
001111111111111111111111100000
001111111111111111111111100000
001111111111111111111111100000
001111111111111111111111100000
001111111111111111111111100000
001111111111111111111111100000
001111111111111111111111100000
001111111111111111111111100000
001111111111111111111111100000
001111111111111111111111100000
001111111111111111111111100000
001111111111111111111111100000
001111111111111111111111100000
Testing mode: 3, with params: SF: 7, BW: 1600, 1 symbols per cad, total symbols: 395, amount_of_cads_to_measure: 95, WAIT_TIME: 10
00000000000000000000000000000000000000000000111111111111111111111111111111111111111111111111111
00000000000000000000000000000000000000000000111111111111111111111111111111011111111111111111111
00000000000000000000000000000000000000000000111111111111101111111111111111011111111111111111111
00000000000000000000000000000000000000000000111111111101111111111111111111011111101111011111111
00000000000000000000000000000000000000000000111111111111111111111111111111111110111111111111111
00000000000000000000000000000000000000000000111111111101111111111111111111011111111111111111111
00000000000000000000000000000000000000000000111111111111111111111111111111111110111111111111111
00000000000000000000000000000000000000000000111111111111111111111111111111111111111111111111111
00000000000000000000000000000000000000000000111111111111111111111111111111111111111111111111111
00000000000000000000000000000000000000000000111111111111111111111111111111111111111111111111111
00000000000000000000000000000000000000000000111111111111111111111111111111110111111111111111111
00000000000000000000000000000000000000000000111111111111111111111111111111111111111111111111111
00000000000000000000000000000000000000000000111111111111111111111111111111111110111111111111111
00000000000000000000000000000000000000000000111111111111111111111111111111111111111111111111011
00000000000000000000000000000000000000000000111011111111111111111111111111111111111111111111111
00000000000000000000000000000000000000000000111111111111111111111111111111111111111111111111111
00000000000000000000000000000000000000000000111111111111111111111111111111111111111111111111111
00000000000000000000000000000000000000000000111111111111111111111111111111111111111111111111111
00000000000000000000000000000000000000000000111111111111111111111111111111111111111111111111111
00000000000000000000000000000000000000000000111111111111111111111111111111111111111111111111111
00000000000000000000000000000000000000000000111111111111111111111111111111111111111111111111111
00000000000000000000000000000000000000000000111111111111111111111111111111111111111111111111011
00000000000000000000000000000000000000000000111111111111111111111111111111111111111111111111111
00000000000000000000000000000000000000000000111111111111111111111111111111111111111111111111011
00000000000000000000000000000000000000000000111111111111111111111111111111111111111111111111111
00000000000000000000000000000000000000000000111111111111111111111111111111111111111111111111111
00000000000000000000000000000000000000000000111111111111111111111011111111111111111111111011111
00000000000000000000000000000000000000000000111111111111111111111111111111111111111111111111111
00000000000000000000000000000000000000000000111111111111111111111111111111111111111111111111111
00000000000000000000000000000000000000000000111111111111111111111011111111111111111111111111111
00000000000000000000000000000000000000000000111111111111111111111111111111111111111111111111111
00000000000000000000000000000000000000000000111111111111111111111111111111111111111111111111011
00000000000000000000000000000000000000000000111111111111111111111111111111111111111111111111111
00000000000000000000000000000000000000000000111111111111111111111111111111111111111110111111111
00000000000000000000000000000000000000000000111111111111111111111111111111111111111111111111011
00000000000000000000000000000000000000000000111111111111111111111111111111111111111111111011111
00000000000000000000000000000000000000000000111111011111111111111111111111111111111111111111111
00000000000000000000000000000000000000000000111111111111111111111011111111111111111111111111011
00000000000000000000000000000000000000000000111111111111111111111111111111111111111111111111111
00000000000000000000000000000000000000000000111111111111111111111111111111111111111111111111111
00000000000000000000000000000000000000000000111111111111111111111111111111111111111111111111011
00000000000000000000000000000000000000000000111111111111111111111111111111111111111111111011011
00000000000000000000000000000000000000000000111111111111111111111110111111111111111111111011111
00000000000000000000000000000000000000000000111111111111111111111111111111111111111111111111111
00000000000000000000000000000000000000000000111111111111101111111111111111111111111111111111111
00000000000000000000000000000000000000000000111111010111111111111011111111111111111111111111011
00000000000000000000000000000000000000000000111111111111111111111111111111111111111111111111011
00000000000000000000000000000000000000000000111111111111111111111111111111111111111111111111111
00000000000000000000000000000000000000000000111111111111111111111111111111111111111111111111111
00000000000000000000000000000000000000000000111111111111111111111111111111111111111111111111011
Testing mode: 3, with params: SF: 7, BW: 1600, 2 symbols per cad, total symbols: 395, amount_of_cads_to_measure: 84, WAIT_TIME: 10
000000000000000000000000000000000000000101111111111111111111111111111111111111111111
000000000000000000000000000000000000000101111111111111111111111111111111111111111111
000000000000000000000000000000000000000101111111111111111111111111111111111111111111
000000000000000000000000000000000000000101111111111111111111111111111111111111111111
000000000000000000000000000000000000000101111111111111111111111111111111111111111111
000000000000000000000000000000000000000101111111111111111111111111111111111111111111
000000000000000000000000000000000000000101111111111111111111111111111111111111111111
000000000000000000000000000000000000000101111111111111111111111111111111111111111111
000000000000000000000000000000000000000101111111111111111111111111111111111111111111
000000000000000000000000000000000000000101111111111111111111111111111111111111111111
000000000000000000000000000000000000000101111111111111111111111111111111111111111111
000000000000000000000000000000000000000101111111111111111111111111111111111111111111
000000000000000000000000000000000000000101111111111111111111111111111111111111111111
000000000000000000000000000000000000000101111111111111111111111111111111111111111111
000000000000000000000000000000000000000101111111111111111111111111111111111111111111
000000000000000000000000000000000000000101111111111111111111111111111111111111111111
000000000000000000000000000000000000000101111111111111111111111111111111111111111111
000000000000000000000000000000000000000101111111111111111111111111111111111111111111
000000000000000000000000000000000000000101111111111111111111111111111111111111111111
000000000000000000000000000000000000000101111111111111111111111111111111111111111111
000000000000000000000000000000000000000101111111111111111111111111111111111111111111
000000000000000000000000000000000000000101111111111111111111111111111111111111111111
000000000000000000000000000000000000000101111111111111111111111111111111111111111111
000000000000000000000000000000000000000101111111111111111111111111111111111111111111
000000000000000000000000000000000000000101111111111111111111111111111111111111111111
000000000000000000000000000000000000000101111111111111111111111111111111111111111111
000000000000000000000000000000000000000101111111111111111111111111111111111111111111
000000000000000000000000000000000000000101111111111111111111111111111111111111111111
000000000000000000000000000000000000000101111111111111111111111111111111111111111111
000000000000000000000000000000000000000101111111111111111111111111111111111111111111
000000000000000000000000000000000000000101111111111111111111111111111111111111111111
000000000000000000000000000000000000000101111111111111111111111111111111111111111111
000000000000000000000000000000000000000101111111111111111111111111111111111111111111
000000000000000000000000000000000000000101111111111111111111111111111111111111111111
000000000000000000000000000000000000000101111111111111111111111111111111111111111111
000000000000000000000000000000000000000101111111111111111111111111111111111111111111
000000000000000000000000000000000000000101111111111111111111111111111111111111111111
000000000000000000000000000000000000000101111111111111111111111111111111111111111111
000000000000000000000000000000000000000101111111111111111111111111111111111111111111
000000000000000000000000000000000000000101111111111111111111111111111111111111111111
000000000000000000000000000000000000000101111111111111111111111111111111111111111111
000000000000000000000000000000000000000101111111111111111111111111111111111111111111
000000000000000000000000000000000000000101111111111111111111111111111111111111111111
000000000000000000000000000000000000000101111111111111111111111111111111111111111111
000000000000000000000000000000000000000101111111111111111111111111111111111111111111
000000000000000000000000000000000000000101111111111111111111111111111111111111111111
000000000000000000000000000000000000000101111111111111111111111111111111111111111111
000000000000000000000000000000000000000101111111111111111111111111111111111111111111
000000000000000000000000000000000000000101111111111111111111111111111111111111111111
000000000000000000000000000000000000000101111111111111111111111111111111111111111111
Testing mode: 3, with params: SF: 7, BW: 1600, 4 symbols per cad, total symbols: 395, amount_of_cads_to_measure: 70, WAIT_TIME: 10
0000000000000000000000000000000011111111111111111111111111111111111100
0000000000000000000000000000000011111111111111111111111111111111111100
0000000000000000000000000000000111111111111111111111111111111111111100
0000000000000000000000000000000111111111111111111111111111111111111100
0000000000000000000000000000000011111111111111111111111111111111111100
0000000000000000000000000000000111111111111111111111111111111111111100
0000000000000000000000000000000111111111111111111111111111111111111100
0000000000000000000000000000000111111111111111111111111111111111111100
0000000000000000000000000000000111111111111111111111111111111111111100
0000000000000000000000000000000111111111111111111111111111111111111100
0000000000000000000000000000000111111111111111111111111111111111111100
0000000000000000000000000000000011111111111111111111111111111111111100
0000000000000000000000000000000111111111111111111111111111111111111100
0000000000000000000000000000000111111111111111111111111111111111111100
0000000000000000000000000000000011111111111111111111111111111111111100
0000000000000000000000000000000011111111111111111111111111111111111100
0000000000000000000000000000000111111111111111111111111111111111111100
0000000000000000000000000000000111111111111111111111111111111111111100
0000000000000000000000000000000011111111111111111111111111111111111100
0000000000000000000000000000000111111111111111111111111111111111111100
0000000000000000000000000000000111111111111111111111111111111111111100
0000000000000000000000000000000111111111111111111111111111111111111100
0000000000000000000000000000000111111111111111111111111111111111111100
0000000000000000000000000000000111111111111111111111111111111111111100
0000000000000000000000000000000011111111111111111111111111111111111100
0000000000000000000000000000000011111111111111111111111111111111111100
0000000000000000000000000000000111111111111111111111111111111111111100
0000000000000000000000000000000111111111111111111111111111111111111100
0000000000000000000000000000000111111111111111111111111111111111111100
0000000000000000000000000000000011111111111111111111111111111111111100
0000000000000000000000000000000111111111111111111111111111111111111100
0000000000000000000000000000000111111111111111111111111111111111111100
0000000000000000000000000000000011111111111111111111111111111111111100
0000000000000000000000000000000111111111111111111111111111111111111100
0000000000000000000000000000000011111111111111111111111111111111111100
0000000000000000000000000000000011111111111111111111111111111111111100
0000000000000000000000000000000111111111111111111111111111111111111100
0000000000000000000000000000000111111111111111111111111111111111111100
0000000000000000000000000000000111111111111111111111111111111111111100
0000000000000000000000000000000011111111111111111111111111111111111100
0000000000000000000000000000000011111111111111111111111111111111111100
0000000000000000000000000000000011111111111111111111111111111111111100
0000000000000000000000000000000111111111111111111111111111111111111100
0000000000000000000000000000000011111111111111111111111111111111111100
0000000000000000000000000000000111111111111111111111111111111111111100
0000000000000000000000000000000011111111111111111111111111111111111100
0000000000000000000000000000000011111111111111111111111111111111111100
0000000000000000000000000000000111111111111111111111111111111111111100
0000000000000000000000000000000111111111111111111111111111111111111100
0000000000000000000000000000000111111111111111111111111111111111111100
Testing mode: 3, with params: SF: 7, BW: 1600, 8 symbols per cad, total symbols: 395, amount_of_cads_to_measure: 59, WAIT_TIME: 10
00000000000000000000000111111111111111111111111110000000000
00000000000000000000000000000001111111111111111111111111000
00000000000000000000000000000011111111111111111111111111000
00000000000000000000000000000011111111111111111111111111000
00000000000000000000000000000011111111111111111111111111000
00000000000000000000000000000001111111111111111111111111000
00000000000000000000000000000001111111111111111111111111000
00000000000000000000000000000011111111111111111111111111000
00000000000000000000000000000011111111111111111111111111000
00000000000000000000000000000011111111111111111111111111000
00000000000000000000000000000001111111111111111111111111000
00000000000000000000000000000011111111111111111111111111000
00000000000000000000000000000001111111111111111111111111000
00000000000000000000000000000011111111111111111111111111000
00000000000000000000000000000011111111111111111111111111000
00000000000000000000000000000011111111111111111111111111000
00000000000000000000000000000011111111111111111111111111000
00000000000000000000000000000011111111111111111111111111000
00000000000000000000000000000011111111111111111111111111000
00000000000000000000000000000001111111111111111111111111000
00000000000000000000000000000011111111111111111111111111000
00000000000000000000000000000011111111111111111111111111000
00000000000000000000000000000011111111111111111111111111000
00000000000000000000000000000011111111111111111111111111000
00000000000000000000000000000001111111111111111111111111000
00000000000000000000000000000011111111111111111111111111000
00000000000000000000000000000011111111111111111111111111000
00000000000000000000000000000011111111111111111111111111000
00000000000000000000000000000011111111111111111111111111000
00000000000000000000000000000011111111111111111111111111000
00000000000000000000000000000011111111111111111111111111000
00000000000000000000000000000011111111111111111111111111000
00000000000000000000000000000011111111111111111111111111000
00000000000000000000000000000011111111111111111111111111000
00000000000000000000000000000011111111111111111111111111000
00000000000000000000000000000011111111111111111111111111000
00000000000000000000000000000011111111111111111111111111000
00000000000000000000000000000011111111111111111111111111000
00000000000000000000000000000001111111111111111111111111000
00000000000000000000000000000011111111111111111111111111000
00000000000000000000000000000011111111111111111111111111000
00000000000000000000000000000001111111111111111111111111000
00000000000000000000000000000011111111111111111111111111000
00000000000000000000000000000011111111111111111111111111000
00000000000000000000000000000011111111111111111111111111000
00000000000000000000000000000001111111111111111111111111000
00000000000000000000000000000011111111111111111111111111000
00000000000000000000000000000011111111111111111111111111000
00000000000000000000000000000011111111111111111111111111000
00000000000000000000000000000011111111111111111111111111000
Testing mode: 3, with params: SF: 7, BW: 1600, 16 symbols per cad, total symbols: 395, amount_of_cads_to_measure: 39, WAIT_TIME: 10
000000000000000111111111111111110000000
000000000000000111111111111111110000000
000000000000000111111111111111110000000
000000000000000111111111111111110000000
000000000000000111111111111111110000000
000000000000000111111111111111110000000
000000000000000111111111111111110000000
000000000000000111111111111111110000000
000000000000000111111111111111110000000
000000000000000111111111111111110000000
000000000000000111111111111111110000000
000000000000000111111111111111110000000
000000000000000111111111111111110000000
000000000000000111111111111111110000000
000000000000000111111111111111110000000
000000000000000111111111111111110000000
000000000000000111111111111111110000000
000000000000000111111111111111110000000
000000000000000111111111111111110000000
000000000000000111111111111111110000000
000000000000000111111111111111110000000
000000000000000111111111111111110000000
000000000000000111111111111111110000000
000000000000000111111111111111110000000
000000000000000111111111111111110000000
000000000000000111111111111111110000000
000000000000000111111111111111110000000
000000000000000111111111111111110000000
000000000000000111111111111111110000000
000000000000000111111111111111110000000
000000000000000111111111111111110000000
000000000000000111111111111111110000000
000000000000000111111111111111110000000
000000000000000111111111111111110000000
000000000000000111111111111111110000000
000000000000000111111111111111110000000
000000000000000111111111111111110000000
000000000000000111111111111111110000000
000000000000000111111111111111110000000
000000000000000111111111111111110000000
000000000000000111111111111111110000000
000000000000000111111111111111110000000
000000000000000111111111111111110000000
000000000000000111111111111111110000000
000000000000000111111111111111110000000
000000000000000111111111111111110000000
000000000000000111111111111111110000000
000000000000000111111111111111110000000
000000000000000111111111111111110000000
000000000000000111111111111111110000000